76294246
75701296
76143046
73223550
75524554
76221266
72352692
75944317
76153224
75889158
76232702
73211112
76218448
74040235
73068373
75865664
74036903
49299293
74205289
75930964
75537927
75538314
75537583
68599942
73383410
75701296
73478031
74269147
72352692
75557557
72709056
73813626
73325392
73141535
73492330
73766486
76411099
76395929
76393969
76344335
76568369
76541254
76662817
76542355
76268864
76679124
77090228
77121880
77071763
77105212
76914637
77232955
74156676
76564913
76917703
76641661
77233843
76786291
76730579
76785097
74409638
76341879
76303851
76589358
76030474
76468048
76290598
76406727
77030691
75751409
77134404
76829439
76580095
75625788
76407489
76223636
77012817
76827509
76428799
76963515
77027801
76533665
76445416
77205502
76983699
77013948
76943560
76763836
73593391
77224114
74063789
76341334
77038946
73452481
76541513
76683328
76861664
76911519
68820590
77076162
76921571
75486835
77032189
77430744
77319651
77332275
77425712
77262071
77432896
77600139
77641343
77562126
77440774
77607628
77648093
77583818
77692326
77591450
76697656
76602736
77181373
76077283
76397431
76774389
75575225
77082725
76410649
75964960
76778331
75727351
76293210
76964474
75770861
76785900
76703232
76274304
76413549
76904584
66739126
54716350
76538362
76508642
55442488
77146254
73878133
76339152
71392355
76782886
76819710
76819648
76567867
77987262
77849360
77996426
77868444
77774227
77958176
77415346
77912497
77860751
77860749
77758902
77332277
77804917
77997327
75830546
76641661